{
 "cells": [
  {
   "cell_type": "code",
   "execution_count": 1,
   "metadata": {},
   "outputs": [],
   "source": [
    "import numpy as np\n",
    "import matplotlib.pyplot as plt"
   ]
  },
  {
   "cell_type": "code",
   "execution_count": 2,
   "metadata": {},
   "outputs": [
    {
     "name": "stdout",
     "output_type": "stream",
     "text": [
      "[[ 1.42387647  1.14188234  1.06570506  1.90158644 -1.89527229 -0.83347844\n",
      "   0.11333854  0.58786568 -0.11633643  0.03277455]\n",
      " [-0.43863292 -1.00898695  3.31232026  1.11768476 -2.01429729  0.41600841\n",
      "   0.57226529 -1.47598062 -1.37477715 -0.85442495]\n",
      " [-0.6244801  -0.58291846 -0.53369233  0.45873024 -1.05006621  0.51263549\n",
      "   0.47801477 -0.59384405  0.40993281 -0.04632205]\n",
      " [ 0.43516345 -0.49543235  0.29305532 -0.46301716 -0.08023841 -0.24657434\n",
      "   1.66036078 -0.72345335 -0.67686786  0.86441431]\n",
      " [ 0.25202535 -2.50852848  2.69851214  0.89975116  0.05067857  2.03917714\n",
      "   1.88872576  0.01638446 -0.17337582 -0.21828219]\n",
      " [ 0.02056754  0.52230119  0.36305657  1.91813749  0.22857306 -0.65572144\n",
      "  -0.96208821  1.51768219  0.08118469 -0.28370828]\n",
      " [ 2.24322122 -0.42570395 -0.01072107  0.80481281  2.17460021  2.0438463\n",
      "  -0.35408396 -1.98828594  0.64860538  0.05983549]\n",
      " [ 0.1423988   1.45253208  0.9643421  -0.18859104  1.71537359 -1.2916999\n",
      "   0.27049376 -1.27967411  0.21647659 -0.98177777]\n",
      " [-0.56498718  1.12386563 -1.60818906  1.84597322  2.00327499 -0.21708084\n",
      "  -0.4723846   0.44978318 -0.0736197  -0.23562833]\n",
      " [-0.55947547  0.33420176 -0.54083204 -0.78249303  0.09031287 -0.54998141\n",
      "   1.71197966  0.90804071  0.06105051  1.31717633]]\n"
     ]
    }
   ],
   "source": [
    "matrix = np.random.randn(10, 10)\n",
    "print(matrix)"
   ]
  },
  {
   "cell_type": "code",
   "execution_count": 3,
   "metadata": {},
   "outputs": [],
   "source": [
    "Q, R = np.linalg.qr(matrix, \"complete\")"
   ]
  },
  {
   "cell_type": "code",
   "execution_count": 11,
   "metadata": {},
   "outputs": [
    {
     "name": "stdout",
     "output_type": "stream",
     "text": [
      "1.2746985657355771e-15\n",
      "[[ 1.00000000e+00  1.56566391e-17  6.72297281e-17 -1.58298404e-18\n",
      "   2.92632000e-17 -2.53942276e-17  3.16197712e-17  2.34747155e-17\n",
      "  -1.21424388e-17 -4.82107381e-17]\n",
      " [ 1.56566391e-17  1.00000000e+00 -3.84168491e-17  2.11134818e-17\n",
      "  -7.53442764e-18 -3.81242349e-17 -6.69159706e-17  2.18047461e-17\n",
      "   6.24403160e-17  1.84640223e-17]\n",
      " [ 6.72297281e-17 -3.84168491e-17  1.00000000e+00 -1.94229815e-16\n",
      "  -1.12388115e-16 -3.96183985e-17 -1.10271940e-16  2.19969479e-16\n",
      "  -2.60480535e-16 -5.82198350e-17]\n",
      " [-1.58298404e-18  2.11134818e-17 -1.94229815e-16  1.00000000e+00\n",
      "   1.62993251e-17  6.83305210e-17  5.82380388e-17 -1.95221028e-16\n",
      "   9.35561364e-18  8.70009167e-17]\n",
      " [ 2.92632000e-17 -7.53442764e-18 -1.12388115e-16  1.62993251e-17\n",
      "   1.00000000e+00 -1.62678306e-17  9.55238367e-17 -8.85220013e-17\n",
      "   2.30059958e-17 -3.47120532e-17]\n",
      " [-2.53942276e-17 -3.81242349e-17 -3.96183985e-17  6.83305210e-17\n",
      "  -1.62678306e-17  1.00000000e+00 -3.62929353e-17 -9.57899685e-18\n",
      "   1.30454219e-16  9.76728909e-17]\n",
      " [ 3.16197712e-17 -6.69159706e-17 -1.10271940e-16  5.82380388e-17\n",
      "   9.55238367e-17 -3.62929353e-17  1.00000000e+00 -6.70542885e-17\n",
      "  -6.45949117e-18 -8.64191157e-17]\n",
      " [ 2.34747155e-17  2.18047461e-17  2.19969479e-16 -1.95221028e-16\n",
      "  -8.85220013e-17 -9.57899685e-18 -6.70542885e-17  1.00000000e+00\n",
      "  -2.30425938e-16  3.02336173e-17]\n",
      " [-1.21424388e-17  6.24403160e-17 -2.60480535e-16  9.35561364e-18\n",
      "   2.30059958e-17  1.30454219e-16 -6.45949117e-18 -2.30425938e-16\n",
      "   1.00000000e+00  3.45114581e-17]\n",
      " [-4.82107381e-17  1.84640223e-17 -5.82198350e-17  8.70009167e-17\n",
      "  -3.47120532e-17  9.76728909e-17 -8.64191157e-17  3.02336173e-17\n",
      "   3.45114581e-17  1.00000000e+00]]\n"
     ]
    }
   ],
   "source": [
    "error = (Q.T @ Q) - np.eye(10)\n",
    "print(np.sqrt(np.sum(error **2)))\n",
    "print(Q.T @ Q)"
   ]
  },
  {
   "cell_type": "code",
   "execution_count": 12,
   "metadata": {},
   "outputs": [
    {
     "name": "stdout",
     "output_type": "stream",
     "text": [
      "1.2138147892201031e-15\n",
      "[[ 1.00000000e+00  7.04801452e-17 -1.13958262e-16  3.24505433e-17\n",
      "  -1.51057491e-17 -8.32991656e-17 -1.63745985e-16  8.78426289e-17\n",
      "  -2.44728192e-17 -1.56444643e-17]\n",
      " [ 7.04801452e-17  1.00000000e+00 -2.64009103e-16 -2.72107574e-17\n",
      "   1.56812768e-16  7.17514497e-17 -5.87735369e-17  2.05154997e-16\n",
      "  -1.19766547e-16  1.91357031e-17]\n",
      " [-1.13958262e-16 -2.64009103e-16  1.00000000e+00  1.51329467e-16\n",
      "  -2.51610125e-16 -1.07493869e-16  2.46858684e-16 -1.94092555e-16\n",
      "   8.02266204e-17 -1.18014513e-16]\n",
      " [ 3.24505433e-17 -2.72107574e-17  1.51329467e-16  1.00000000e+00\n",
      "   3.22406529e-17 -5.49786795e-17 -2.74231822e-17 -5.98623111e-17\n",
      "   1.15133283e-16 -1.19103592e-16]\n",
      " [-1.51057491e-17  1.56812768e-16 -2.51610125e-16  3.22406529e-17\n",
      "   1.00000000e+00 -1.40842743e-16 -7.48158174e-17  3.99469388e-17\n",
      "  -5.78656701e-17 -5.04255254e-18]\n",
      " [-8.32991656e-17  7.17514497e-17 -1.07493869e-16 -5.49786795e-17\n",
      "  -1.40842743e-16  1.00000000e+00  9.34210189e-17  5.61307326e-17\n",
      "  -3.21201797e-17  1.55017787e-16]\n",
      " [-1.63745985e-16 -5.87735369e-17  2.46858684e-16 -2.74231822e-17\n",
      "  -7.48158174e-17  9.34210189e-17  1.00000000e+00 -1.32124663e-16\n",
      "   2.34445348e-18  2.35307029e-17]\n",
      " [ 8.78426289e-17  2.05154997e-16 -1.94092555e-16 -5.98623111e-17\n",
      "   3.99469388e-17  5.61307326e-17 -1.32124663e-16  1.00000000e+00\n",
      "   1.45095711e-17 -9.02141998e-17]\n",
      " [-2.44728192e-17 -1.19766547e-16  8.02266204e-17  1.15133283e-16\n",
      "  -5.78656701e-17 -3.21201797e-17  2.34445348e-18  1.45095711e-17\n",
      "   1.00000000e+00 -4.47991489e-17]\n",
      " [-1.56444643e-17  1.91357031e-17 -1.18014513e-16 -1.19103592e-16\n",
      "  -5.04255254e-18  1.55017787e-16  2.35307029e-17 -9.02141998e-17\n",
      "  -4.47991489e-17  1.00000000e+00]]\n"
     ]
    }
   ],
   "source": [
    "error = (Q @ Q.T) - np.eye(10)\n",
    "print(np.sqrt(np.sum(error **2)))\n",
    "print(Q @ Q.T)"
   ]
  },
  {
   "cell_type": "code",
   "execution_count": 13,
   "metadata": {},
   "outputs": [
    {
     "name": "stdout",
     "output_type": "stream",
     "text": [
      "6.716198617786037e-16\n",
      "[[ 1.00000000e+00  3.81475002e-17  4.27523288e-17  2.40463585e-17\n",
      "  -7.64412189e-17  2.54928644e-17  7.01212107e-17 -1.02459037e-17\n",
      "   7.65843816e-18  6.48706156e-17]\n",
      " [-1.02304557e-16  1.00000000e+00 -4.14526152e-17 -5.17449042e-17\n",
      "   6.22881923e-17  2.45203143e-18 -3.91603950e-17  3.56825339e-17\n",
      "   1.73375056e-17  3.92807040e-17]\n",
      " [-1.13042679e-16 -7.32449110e-17  1.00000000e+00  1.66914154e-16\n",
      "   9.06350162e-17  1.16121002e-17 -6.60669051e-17  3.38823848e-17\n",
      "  -3.20518682e-17  1.52768027e-17]\n",
      " [ 4.49328987e-17 -7.41863960e-18 -4.30219662e-17  1.00000000e+00\n",
      "   8.81197797e-17  9.00930744e-17  4.85879418e-19  8.01556616e-18\n",
      "   3.07306509e-18 -9.64989015e-17]\n",
      " [-1.89984019e-17 -2.26313258e-17  6.68202240e-18  3.22826520e-17\n",
      "   1.00000000e+00  1.79452130e-17  4.29792775e-17  3.89725528e-17\n",
      "  -1.41928724e-17  1.99652095e-17]\n",
      " [-1.22068249e-17 -2.56398687e-17  2.24899076e-17  9.98492368e-18\n",
      "   6.27064627e-18  1.00000000e+00 -8.66135858e-18  4.34042196e-17\n",
      "  -3.55752009e-17  9.16528689e-17]\n",
      " [-7.11770328e-17  1.94569391e-17  1.00110788e-17 -2.39082987e-17\n",
      "  -7.37967854e-17 -9.51538925e-17  1.00000000e+00  6.36889039e-17\n",
      "  -9.08487259e-18  2.03490947e-16]\n",
      " [-2.55264101e-17  6.70286445e-17  3.99407791e-17  3.10760426e-17\n",
      "   3.96201097e-17 -4.33737048e-17 -3.30348652e-17  1.00000000e+00\n",
      "  -3.75747460e-17  8.16266662e-17]\n",
      " [ 6.73551815e-17  4.83078477e-17 -6.54436878e-17  7.82830187e-17\n",
      "  -9.57514916e-17 -1.84212343e-18 -3.09683488e-17  1.76830268e-18\n",
      "   1.00000000e+00 -1.62433392e-17]\n",
      " [-4.82107381e-17 -1.62304472e-17 -1.31170246e-17  1.56389856e-16\n",
      "  -2.08342654e-17 -2.26735502e-17  2.46031867e-17  8.57447685e-17\n",
      "   1.36947764e-17  1.00000000e+00]]\n"
     ]
    }
   ],
   "source": [
    "error = (np.linalg.inv(Q) @ Q) - np.eye(10)\n",
    "print(np.sqrt(np.sum(error **2)))\n",
    "print(np.linalg.inv(Q) @ Q)"
   ]
  },
  {
   "cell_type": "code",
   "execution_count": 14,
   "metadata": {},
   "outputs": [
    {
     "name": "stdout",
     "output_type": "stream",
     "text": [
      "6.672273311421309e-16\n",
      "[[ 1.00000000e+00 -4.05421572e-17 -4.45804431e-17 -8.79362051e-18\n",
      "  -2.90280182e-17 -3.24387744e-20  5.83208602e-17 -1.30738089e-16\n",
      "  -8.00284517e-17  1.21111113e-17]\n",
      " [ 6.06940212e-17  1.00000000e+00 -2.35943473e-17  1.67795463e-17\n",
      "   4.98821296e-17  4.39958741e-17  1.05714085e-16 -1.51686582e-16\n",
      "   9.22520692e-18 -8.61987250e-18]\n",
      " [-7.75511275e-17 -6.97200736e-17  1.00000000e+00 -2.32491416e-17\n",
      "   1.37805084e-17  2.43451152e-17 -3.84922982e-17  8.28099222e-17\n",
      "   5.07142627e-17  6.93356225e-17]\n",
      " [-1.87850340e-17  2.83003938e-17  1.51383652e-17  1.00000000e+00\n",
      "   1.82175727e-18 -4.28356152e-17  1.42407986e-17  2.05778357e-17\n",
      "   2.05296190e-17  9.26594518e-18]\n",
      " [-7.85398363e-18 -6.52318366e-17  1.04113379e-17 -9.07983898e-18\n",
      "   1.00000000e+00 -2.06486523e-18 -2.98694429e-17  2.17714513e-17\n",
      "  -8.98054122e-18 -3.27981282e-17]\n",
      " [ 2.99014580e-17 -3.92708527e-17  1.01217528e-16 -9.09642748e-17\n",
      "   1.13455937e-19  1.00000000e+00 -1.86904441e-17 -4.07414919e-17\n",
      "   8.10804439e-17 -6.70268182e-17]\n",
      " [-9.46478995e-19 -4.48957491e-17  3.06391083e-18  7.87414868e-18\n",
      "  -9.16082573e-18  1.01542921e-17  1.00000000e+00 -9.42603997e-18\n",
      "  -1.52672817e-17  2.35307029e-17]\n",
      " [-3.61269533e-17 -7.24007596e-17  3.51235705e-17 -6.89009879e-18\n",
      "  -7.69481045e-18  7.69474144e-17  5.47602180e-17  1.00000000e+00\n",
      "  -5.04794129e-17 -3.47030486e-17]\n",
      " [-1.09712282e-17  5.13354318e-18 -2.74202843e-17  2.84545934e-17\n",
      "  -4.43640792e-17 -5.98757553e-17  2.53255192e-18  7.52365257e-18\n",
      "   1.00000000e+00  1.07120023e-17]\n",
      " [ 4.39847892e-17  1.91357031e-17 -2.67793666e-17  7.06299222e-17\n",
      "   2.68311254e-17  2.66040089e-16  1.60249530e-16 -1.33716041e-17\n",
      "   1.48301046e-17  1.00000000e+00]]\n"
     ]
    }
   ],
   "source": [
    "error = (Q @ np.linalg.inv(Q)) - np.eye(10)\n",
    "print(np.sqrt(np.sum(error **2)))\n",
    "print(Q @ np.linalg.inv(Q))"
   ]
  }
 ],
 "metadata": {
  "kernelspec": {
   "display_name": "Python 3",
   "language": "python",
   "name": "python3"
  },
  "language_info": {
   "codemirror_mode": {
    "name": "ipython",
    "version": 3
   },
   "file_extension": ".py",
   "mimetype": "text/x-python",
   "name": "python",
   "nbconvert_exporter": "python",
   "pygments_lexer": "ipython3",
   "version": "3.11.5"
  },
  "orig_nbformat": 4
 },
 "nbformat": 4,
 "nbformat_minor": 2
}
